11
-23.591397 -46.605158
-22.752838 -47.116400
-23.596842 -47.829474
-20.920363 -47.905997
-23.126233 -45.572667
-20.739660 -49.594625
-22.358509 -48.888995
-21.828093 -48.099949
-22.490669 -50.067661
-21.971171 -51.479216
-21.139304 -50.603120
0.000000 21681.302100 8052.335735 893.620779 7063.520974 179.438653 839.598417 833.105890 219.831593 39.483579 51.105149
21681.302100 0.000000 2621.650673 793.968377 1367.735694 152.530867 595.519486 727.800083 136.536453 25.435559 39.113614
8052.335735 2621.650673 0.000000 161.197175 293.278992 52.228551 298.003669 187.665820 94.480959 17.094935 18.608468
893.620779 793.968377 161.197175 0.000000 83.103319 287.455337 214.235654 404.834118 61.861509 18.680658 48.190074
7063.520974 1367.735694 293.278992 83.103319 0.000000 12.024906 42.060444 57.139145 9.799223 1.803566 2.819295
179.438653 152.530867 52.228551 287.455337 12.024906 0.000000 131.008004 101.813107 90.748771 53.385233 164.555754
839.598417 595.519486 298.003669 214.235654 42.060444 131.008004 0.000000 225.520595 168.915219 32.916806 46.777269
833.105890 727.800083 187.665820 404.834118 57.139145 101.813107 225.520595 0.000000 52.699154 11.903338 23.225918
219.831593 136.536453 94.480959 61.861509 9.799223 90.748771 168.915219 52.699154 0.000000 75.966400 64.846637
39.483579 25.435559 17.094935 18.680658 1.803566 53.385233 32.916806 11.903338 75.966400 0.000000 75.518302
51.105149 39.113614 18.608468 48.190074 2.819295 164.555754 46.777269 23.225918 64.846637 75.518302 0.000000
5
0.750000
0.750000
0.750000
0.750000
0.750000
