11
-23.591397 -46.605158
-22.752838 -47.116400
-23.596842 -47.829474
-20.920363 -47.905997
-23.126233 -45.572667
-20.739660 -49.594625
-22.358509 -48.888995
-21.828093 -48.099949
-22.490669 -50.067661
-21.971171 -51.479216
-21.139304 -50.603120
0.000000 21681.302100 8052.335735 893.620779 7063.520974 179.438653 839.598417 833.105890 219.831593 39.483579 51.105149
21681.302100 0.000000 2621.650673 793.968377 1367.735694 152.530867 595.519486 727.800083 136.536453 25.435559 39.113614
8052.335735 2621.650673 0.000000 161.197175 293.278992 52.228551 298.003669 187.665820 94.480959 17.094935 18.608468
893.620779 793.968377 161.197175 0.000000 83.103319 287.455337 214.235654 404.834118 61.861509 18.680658 48.190074
7063.520974 1367.735694 293.278992 83.103319 0.000000 12.024906 42.060444 57.139145 9.799223 1.803566 2.819295
179.438653 152.530867 52.228551 287.455337 12.024906 0.000000 131.008004 101.813107 90.748771 53.385233 164.555754
839.598417 595.519486 298.003669 214.235654 42.060444 131.008004 0.000000 225.520595 168.915219 32.916806 46.777269
833.105890 727.800083 187.665820 404.834118 57.139145 101.813107 225.520595 0.000000 52.699154 11.903338 23.225918
219.831593 136.536453 94.480959 61.861509 9.799223 90.748771 168.915219 52.699154 0.000000 75.966400 64.846637
39.483579 25.435559 17.094935 18.680658 1.803566 53.385233 32.916806 11.903338 75.966400 0.000000 75.518302
51.105149 39.113614 18.608468 48.190074 2.819295 164.555754 46.777269 23.225918 64.846637 75.518302 0.000000
0.316657 3.883838 4.480133 11.188499 4.234745 15.064417 9.361433 8.622942 12.825554 18.041786 16.777994
3.903449 0.333045 4.302289 7.663374 5.792376 11.690528 6.587052 5.151935 10.497824 15.596739 13.756206
4.550326 4.351846 0.372874 10.341677 8.283175 12.628549 6.242136 7.023635 9.077148 14.286242 13.598043
11.590627 8.007404 10.644976 0.611263 12.188533 6.564455 6.996475 4.079695 10.164965 13.681717 10.081094
4.273706 5.819684 8.264399 11.866975 0.330974 16.867616 12.105878 10.307773 15.983836 21.150804 19.245297
17.029570 13.287006 14.241700 7.286262 18.884620 0.798449 7.932591 8.017322 8.171780 9.555079 4.977141
9.921949 7.015290 6.600836 7.092541 12.683208 7.258300 0.520595 4.004535 4.753879 9.892827 8.255179
8.990882 5.404539 7.267653 3.987076 10.642603 7.196405 3.902170 0.459564 7.850036 12.421981 9.717075
14.163577 11.634002 10.042657 10.886446 17.437879 7.918994 5.095468 8.452199 0.717668 6.326345 6.461124
23.736889 20.577941 18.812796 17.633091 27.520358 11.269685 12.622995 15.979640 7.774675 1.115527 6.630189
19.275396 15.856974 15.599084 11.336185 21.891928 5.082434 9.166684 10.928514 6.815470 5.669953 0.827412
0.316657 3.903449 4.550326 11.590627 4.273706 17.029570 9.921949 8.990882 14.163577 23.736889 19.275396
3.883838 0.333045 4.351846 8.007404 5.819684 13.287006 7.015290 5.404539 11.634002 20.577941 15.856974
4.480133 4.302289 0.372874 10.644976 8.264399 14.241700 6.600836 7.267653 10.042657 18.812796 15.599084
11.188499 7.663374 10.341677 0.611263 11.866975 7.286262 7.092541 3.987076 10.886446 17.633091 11.336185
4.234745 5.792376 8.283175 12.188533 0.330974 18.884620 12.683208 10.642603 17.437879 27.520358 21.891928
15.064417 11.690528 12.628549 6.564455 16.867616 0.798449 7.258300 7.196405 7.918994 11.269685 5.082434
9.361433 6.587052 6.242136 6.996475 12.105878 7.932591 0.520595 3.902170 5.095468 12.622995 9.166684
8.622942 5.151935 7.023635 4.079695 10.307773 8.017322 4.004535 0.459564 8.452199 15.979640 10.928514
12.825554 10.497824 9.077148 10.164965 15.983836 8.171780 4.753879 7.850036 0.717668 7.774675 6.815470
18.041786 15.596739 14.286242 13.681717 21.150804 9.555079 9.892827 12.421981 6.326345 1.115527 5.669953
16.777994 13.756206 13.598043 10.081094 19.245297 4.977141 8.255179 9.717075 6.461124 6.630189 0.827412
gamma 0.01
T 100000
rho_col 5
Q_col 150
beta_col 1.15
c_col 2.5
rho_ent 5
Q_ent 150
beta_ent 1.15
c_ent 2.5
